0 6.104824542999268 2.8125144243240356 2.0371010303497314
1 0.3240363597869873 3.0808658599853516 0.7260520458221436
2 2.5675339698791504 3.1435673236846924 0.49683016538619995
3 4.314772605895996 4.06031608581543 0.5322220325469971
4 2.8551151752471924 -0.3975331485271454 0.27482157945632935
5 -1.0833023190498352 3.6662925481796265 0.48923996090888977
6 3.112518548965454 1.4180710315704346 0.7669715881347656
7 0.9860848188400269 2.998042106628418 2.772435426712036
8 4.045205593109131 1.4416092038154602 0.7711045742034912
9 0.8145998120307922 1.9237837195396423 1.0649078488349915
10 3.4975366592407227 2.6567190885543823 1.0234484672546387
11 1.58405601978302 4.055299282073975 0.5225518345832825
12 5.656658887863159 -0.7413517236709595 1.0492812991142273
13 0.4119473993778229 1.4921993613243103 0.7669715285301208
14 2.461719274520874 2.2648561000823975 0.5423179864883423
15 0.5204225778579712 0.3889947086572647 2.781370997428894
16 6.051897048950195 -1.7453187704086304 0.6695290207862854
17 4.616524696350098 -0.21995556354522705 0.2856487035751343
18 -1.331889271736145 0.3948263078927994 1.8762824535369873
19 5.238555192947388 3.070218563079834 2.790306568145752
20 3.456275224685669 1.4986546039581299 0.3105893135070801
21 0.697078138589859 2.781034827232361 0.7669715881347656
22 1.0994704961776733 2.731473207473755 1.050681233406067
23 -0.147857666015625 4.092425346374512 1.7319145202636719
24 4.520370960235596 -0.7413516044616699 1.8829374313354492
25 3.295937418937683 -0.7706474661827087 0.9379837810993195
26 -1.3318893909454346 0.4455692917108536 0.9544425904750824
27 0.5315400958061218 2.395609736442566 0.5837496221065521
28 4.904336452484131 -0.7706476449966431 0.8891030550003052
29 4.657927513122559 -0.7706476449966431 0.8081617951393127
30 5.338013172149658 4.09242582321167 1.567979633808136
31 4.478761672973633 -0.7706475853919983 0.7766433358192444
32 4.80981969833374 -0.7706476449966431 1.1106178760528564
33 1.2040183544158936 4.064059257507324 1.7235808372497559
34 -1.3088490962982178 1.949418544769287 1.5363311767578125
35 4.604025840759277 -0.22037598490715027 0.7957750558853149
36 3.2809557914733887 2.209599733352661 0.7669716477394104
37 1.1116691827774048 3.0808658599853516 0.5905328392982483
38 3.8803489208221436 1.670857310295105 0.7669715881347656
39 4.347663402557373 -0.7706475853919983 0.8781017661094666
40 3.3198633193969727 -0.2201945185661316 0.4669189751148224
41 -1.3088490962982178 2.7500789165496826 1.569912075996399
42 4.045205593109131 1.4591127634048462 0.7809150218963623
43 -1.3178249597549438 1.977948009967804 0.9719530045986176
44 4.757300138473511 4.110237121582031 1.8956270217895508
45 3.507223606109619 -0.7413514852523804 1.7150018215179443
46 3.284079074859619 2.219499111175537 0.8006547689437866
47 5.560105800628662 2.104459285736084 0.4079046845436096
48 3.9566752910614014 1.8076846599578857 0.7669715881347656
49 0.24381618201732635 -2.6681158542633057 1.2377796173095703
50 3.65427565574646 3.0593271255493164 0.5812398791313171
51 -0.825371652841568 -0.7753517031669617 1.0076632499694824
52 3.2257262468338013 -0.22035002708435059 0.7659175097942352
53 3.547882914543152 4.06031608581543 1.6981698870658875
54 4.233514785766602 3.9254088401794434 0.24443936347961426
55 3.687853455543518 2.724667549133301 0.7669715285301208
56 1.4212875366210938 1.804166316986084 0.7669716477394104
57 5.559096813201904 2.382387638092041 0.7898215055465698
58 1.198777198791504 1.4228367805480957 0.7704986929893494
59 4.028066873550415 1.392456591129303 0.7804310023784637
60 3.56307053565979 -0.36000099778175354 0.8998863697052002
61 4.605782985687256 -0.7413516044616699 1.3072419166564941
62 6.080031394958496 1.3248586654663086 1.0698659420013428
63 4.42289400100708 -0.7413516044616699 1.0827673077583313
64 3.6912038326263428 3.012989044189453 0.7669715285301208
65 3.730335235595703 1.4171491861343384 0.7669715881347656
66 4.929478645324707 -0.22028058767318726 0.6895782947540283
67 4.295217037200928 -2.8074114322662354 1.2333431839942932
68 0.8507648706436157 2.0056217908859253 0.7669715881347656
69 3.768320083618164 2.0435919761657715 0.7669715881347656
70 4.462155818939209 -0.7413516044616699 1.2236658334732056
71 6.080031394958496 0.5042083263397217 1.2765058279037476
72 1.1758625507354736 2.839495897293091 0.7669715881347656
73 -0.12375074625015259 -0.7753518223762512 1.020664095878601
74 -0.6732416152954102 -1.476468801498413 1.4849345684051514
75 4.317617416381836 2.957174062728882 0.5661042332649231
76 3.2777515649795532 -0.21991001069545746 0.27257421612739563
77 5.992909908294678 -2.6800761222839355 0.8780291378498077
78 0.12843409180641174 2.0991729497909546 0.4746098220348358
79 0.20175578445196152 2.119835376739502 0.5159583985805511
80 3.381381034851074 1.4171490669250488 0.7824656963348389
81 2.6512246131896973 3.0593271255493164 0.2071089744567871
82 3.079420566558838 4.125929832458496 1.8730764389038086
83 4.280518054962158 -0.7706475853919983 0.7741183638572693
84 1.4482049942016602 1.6647942066192627 0.6143353581428528
85 4.48182487487793 -0.2198755294084549 0.20116176456212997
86 3.990811347961426 1.828061819076538 0.588188111782074
87 1.5882425904273987 0.25171680748462677 2.790306568145752
88 3.791736602783203 1.6398019194602966 0.7669715881347656
89 3.8005318641662598 1.4171491861343384 0.779899001121521
90 1.1021074056625366 1.4228367805480957 0.7679775059223175
91 1.3099696636199951 1.4228367805480957 0.7424747347831726
92 0.697078138589859 2.781034827232361 0.7669715881347656
93 -0.7307853102684021 -0.7753517031669617 0.9517097473144531
94 3.5257495641708374 3.0593271255493164 0.42220868170261383
95 4.439218282699585 -0.22012625634670258 0.5243853032588959
96 2.955541491508484 2.4950788021087646 0.07745722308754921
97 1.487868070602417 4.055299282073975 0.22734177112579346
98 3.0740771293640137 1.4359201788902283 0.7254392504692078
99 3.943784475326538 -0.7706475257873535 0.8706035614013672
100 4.980583667755127 -0.7706476449966431 0.5478971600532532
101 0.5640347599983215 1.3949152827262878 0.7669715881347656
102 3.391921043395996 -2.8074111938476562 1.8610460758209229
103 5.558565855026245 2.2970082759857178 0.26305779814720154
104 4.546319484710693 3.784074544906616 0.14526212215423584
105 5.597890377044678 -0.7706477046012878 1.0033249855041504
106 1.1512444019317627 2.952768325805664 0.8767972588539124
107 3.1281617879867554 3.0593271255493164 0.24700917303562164
108 5.597890377044678 -0.7706477046012878 1.0033249855041504
109 -0.742196261882782 -0.7753517031669617 1.612471342086792
110 0.18366041779518127 2.132643699645996 0.5062509477138519
111 6.080031394958496 0.8614550232887268 1.906389594078064
112 2.580364227294922 2.408840775489807 0.5377621948719025
113 1.1021074056625366 1.4228367805480957 0.7697410881519318
114 1.4482048749923706 1.749875783920288 0.5889546275138855
115 5.379204750061035 -0.7706477046012878 1.002231478691101
116 -0.9729920029640198 3.5232861042022705 0.0768594890832901
117 3.2257262468338013 -0.22035002708435059 0.7659175097942352
118 -0.015454955399036407 -1.7217338383197784 0.9843540191650391
119 3.122634172439575 2.83800733089447 0.07828646525740623
120 0.15059417486190796 4.093466281890869 1.7377517223358154
121 1.1116690635681152 3.0808658599853516 0.49419906735420227
122 5.5604963302612305 1.9025439023971558 0.4631386995315552
123 2.5150444507598877 -0.5715535283088684 2.790306568145752
124 1.1116691827774048 3.0808658599853516 0.5366563498973846
